324
32
71
103
166
178
179
185
188
189
190
702
703
712
716
720
768
769
770
771
772
774
775
776
777
778
779
780
783
785
786
787
788
795
803
804
805
806
807
808
813
814
816
817
834
837
8214
8215
8227
8229
8242
8243
8244
8245
8246
8247
8248
8251
8254
8279
8467
8592
8593
8594
8595
8596
8597
8616
8626
8627
8629
8656
8657
8658
8659
8660
8704
8707
8709
8711
8712
8713
8714
8715
8716
8717
8727
8728
8729
8733
8735
8736
8743
8744
8745
8746
8756
8757
8759
8764
8773
8781
8801
8810
8811
8834
8835
8836
8837
8838
8839
8853
8854
8855
8856
8869
8901
8943
8968
8969
8970
8971
8984
9001
9002
9166
9167
9451
9452
9453
9454
9455
9456
9457
9458
9459
9460
9471
9632
9633
9642
9643
9644
9645
9646
9647
9650
9651
9652
9653
9654
9655
9656
9657
9658
9659
9660
9661
9662
9663
9664
9665
9666
9667
9668
9669
9675
9679
9688
9689
9702
9711
9733
9734
9786
9787
9788
9792
9794
9824
9825
9826
9827
9828
9829
9830
9831
9833
9834
9835
9836
9837
9838
9839
10003
10016
10026
10033
10045
10063
10073
10122
10123
10124
10125
10126
10127
10128
10129
10130
10131
10148
10162
11093
57346
58112
58113
58114
58115
58116
58118
58119
58120
58121
58122
58123
58124
58127
58129
58131
58132
58139
58178
58370
58372
58374
58376
58386
58387
58388
58390
58392
58394
58418
58422
58435
58439
58440
58480
58481
58492
58499
58500
58514
58518
58568
58576
58577
58592
58593
58614
58621
58622
58626
58628
58630
58632
58642
58643
58644
58646
58648
58650
58674
58678
58691
58695
58696
58736
58737
58748
58755
58756
58770
58774
58824
58832
58833
58848
58849
58870
58877
58878
58880
63488
63489
63490
63491
63492
63493
63494
63495
63496
63497
63504
63505
63506
63507
63508
63509
63510
63511
63512
63513
63520
63521
63522
63523
63524
63525
63542
63543
63544
63545
63546
