197
13
32
702
703
712
716
720
8214
8215
8227
8229
8242
8243
8244
8245
8246
8247
8248
8251
8253
8254
8259
8279
8467
8592
8593
8594
8595
8596
8597
8616
8626
8627
8629
8656
8657
8658
8659
8660
8704
8706
8707
8709
8710
8711
8712
8713
8714
8715
8716
8717
8719
8721
8722
8725
8726
8727
8728
8729
8730
8733
8734
8735
8736
8739
8740
8741
8742
8743
8744
8745
8746
8747
8756
8757
8758
8759
8764
8773
8776
8781
8800
8801
8804
8805
8810
8811
8834
8835
8836
8837
8838
8839
8853
8854
8855
8856
8869
8901
8943
8968
8969
8970
8971
8984
9001
9002
9166
9167
9451
9452
9453
9454
9455
9456
9457
9458
9459
9460
9471
9632
9633
9642
9643
9644
9645
9646
9647
9650
9651
9652
9653
9654
9655
9656
9657
9658
9659
9660
9661
9662
9663
9664
9665
9666
9667
9668
9669
9674
9675
9679
9688
9689
9702
9711
9733
9734
9786
9787
9788
9792
9794
9824
9825
9826
9827
9828
9829
9830
9831
9833
9834
9835
9836
9837
9838
9839
10003
10016
10026
10033
10045
10063
10073
10122
10123
10124
10125
10126
10127
10128
10129
10130
10131
10148
10162
58880
